%YAML 1.1
%TAG !u! tag:unity3d.com,2011:
--- !u!114 &11400000
MonoBehaviour:
  m_ObjectHideFlags: 0
  m_CorrespondingSourceObject: {fileID: 0}
  m_PrefabInstance: {fileID: 0}
  m_PrefabAsset: {fileID: 0}
  m_GameObject: {fileID: 0}
  m_Enabled: 1
  m_EditorHideFlags: 0
  m_Script: {fileID: 11500000, guid: 417738f4c006ac24c8b761b601a2fd1d, type: 3}
  m_Name: WaterfallPalette
  m_EditorClassIdentifier: 
  colorSetControl: 1
  subIndex: 0
  colorSets:
  - description: 
    values:
    - {r: 0.427451, g: 0.57254905, b: 0.7137255, a: 1}
    - {r: 0.427451, g: 0.57254905, b: 1, a: 1}
    - {r: 0.57254905, g: 0.7137255, b: 1, a: 1}
    - {r: 0.7137255, g: 0.8588236, b: 1, a: 1}
  - description: 
    values:
    - {r: 0.7137255, g: 0.8588236, b: 1, a: 1}
    - {r: 0.427451, g: 0.57254905, b: 0.7137255, a: 1}
    - {r: 0.427451, g: 0.57254905, b: 1, a: 1}
    - {r: 0.57254905, g: 0.7137255, b: 1, a: 1}
  - description: 
    values:
    - {r: 0.57254905, g: 0.7137255, b: 1, a: 1}
    - {r: 0.7137255, g: 0.8588236, b: 1, a: 1}
    - {r: 0.427451, g: 0.57254905, b: 0.7137255, a: 1}
    - {r: 0.427451, g: 0.57254905, b: 1, a: 1}
  - description: 
    values:
    - {r: 0.427451, g: 0.57254905, b: 1, a: 1}
    - {r: 0.57254905, g: 0.7137255, b: 1, a: 1}
    - {r: 0.7137255, g: 0.8588236, b: 1, a: 1}
    - {r: 0.427451, g: 0.57254905, b: 0.7137255, a: 1}
